StartChar: Adieresis
Encoding: 196 196 137
Width: 668
VWidth: 0
Flags: W
HStem: -4 22<10.0991 27.9704 188.234 205.384> 236 48<204 401> 640 20G<332 349> 720 92<210.516 293.048 360.516 443.048>
VStem: 207 90<723.217 808.503> 357 90<723.217 808.503>
DStem2: 64 57 187 236 0.359732 0.933056<13.8044 20.8645 20.9243 211.264 262.166 538.148> 363 650 302 542 0.362977 -0.931798<78.4926 354.831 406.091 598.592 598.654 612.912>
LayerCount: 2
Fore
Refer: 132 168 S 1 0 0 1 77 243 2
Refer: 42 65 S 1 0 0 1 0 0 2
Validated: 1
EndChar
