StartChar: Yacute
Encoding: 221 221 131
Width: 622
VWidth: 0
Flags: W
HStem: -4 21G<192 205.5 416.5 427> 630 20G<5 255 414 617> 710 155
VStem: 263 92<39.8081 297> 266 230
DStem2: 185 593 76 593 0.5341 -0.845421<-10.0814 273.582> 330 361 355 306 0.554031 0.832496<0 282.796>
LayerCount: 2
Fore
Refer: 101 180 S 1 0 0 1 136 279 2
Refer: 55 89 S 1 0 0 1 0 0 2
Validated: 1
EndChar
