StartChar: Ydieresis
Encoding: 376 376 296
Width: 622
VWidth: 0
HStem: -4 21G<192 205.5 416.5 427> 630 20G<5 255 414 617> 720 92<194.516 277.048 344.516 427.048>
VStem: 191 90<723.217 808.503> 263 92<39.8081 297> 341 90<723.217 808.503>
DStem2: 185 593 76 593 0.5341 -0.845421<-10.0814 273.582> 330 361 355 306 0.554031 0.832496<0 282.796>
LayerCount: 2
Fore
Refer: 132 168 N 1 0 0 1 61 243 2
Refer: 55 89 N 1 0 0 1 0 0 3
Validated: 1
EndChar
