StartChar: onequarter
Encoding: 188 188 188
Width: 524
VWidth: 0
Flags: W
HStem: -5 21G<399 448> 60 35<338 401 446 476.668> 428 29<46.3905 98.5588 143.686 188.342> 619 25<55 79>
VStem: 100 42<462.219 616.999> 401 45<-4.652 60 95 178>
DStem2: 70 60 107 33 0.564056 0.825737<0 633.635>
LayerCount: 2
Fore
Refer: 191 8260 N 1 0 0 1 230 0 2
Refer: 181 185 N 1 0 0 1 30 0 2
Refer: 195 8308 N 1 0 0 1 280 -430 2
EndChar
