StartChar: threequarters
Encoding: 190 190 190
Width: 534
VWidth: 0
Flags: W
HStem: -5 21G<409 458> 60 35<348 411 456 486.668> 425 25<79.1911 140.322> 650 30<79.0914 142.342>
VStem: 46 24<460.355 480.675 616.783 626> 151 50<583.597 644.755> 159 55<460.611 539.715> 411 45<-4.652 60 95 178>
DStem2: 70 60 107 33 0.564056 0.825737<0 633.635>
LayerCount: 2
Fore
Refer: 194 8323 N 1 0 0 1 30 430 2
Refer: 195 8308 N 1 0 0 1 290 -430 2
Refer: 191 8260 N 1 0 0 1 230 0 2
EndChar
