StartChar: uni2085
Encoding: 8325 8325 257
Width: 152
VWidth: 0
Flags: W
HStem: -10 23<15 68.1339> 195 45<51.7344 147>
VStem: 96 55<29.7228 114.51>
DStem2: 19 137 49 159 0.208881 0.977941<27.7811 67.1641>
LayerCount: 2
Fore
Refer: 262 8309 S 1 0 0 1 0 -430 2
Validated: 1
EndChar
