StartChar: uni2165
Encoding: 8549 8549 228
Width: 997
VWidth: 0
HStem: -10 21G<343.5 359.5> -4 21G<732 745.5 956.5 967> 630 20G<5 254 485 687 732 967>
VStem: 803 92<39.8081 610.192>
DStem2: 183 593 76 593 0.361612 -0.932329<-14.3418 518.145> 368 109 386 0 0.361612 0.932329<0 527.707>
LayerCount: 2
Fore
Refer: 39 73 N 1 0 0 1 692 0 2
Refer: 51 86 N 1 0 0 1 0 0 2
Validated: 1
EndChar
