StartChar: uni2047
Encoding: 8263 8263 201
Width: 878
VWidth: 0
HStem: -13 112<156.538 243.462 595.538 682.462> 613 47<132.423 274.78 571.423 713.78>
VStem: 55 27<513.795 544.865> 145 110<-1.89597 87.896> 296 103<484.231 592.227> 494 27<513.795 544.865> 584 110<-1.89597 87.896> 735 103<484.231 592.227>
LayerCount: 2
Fore
Refer: 67 63 N 1 0 0 1 439 0 2
Refer: 67 63 N 1 0 0 1 0 0 2
Validated: 1
EndChar
