StartChar: uni2168
Encoding: 8552 8552 231
Width: 963
VWidth: 0
HStem: -4 21G<40 53.5 264.5 275 310 323.5 514.5 525 751 764.5 939.5 958> 624 26<335.517 383.339> 630 20G<40 275>
VStem: 111 92<39.8081 610.192>
DStem2: 393 57 453 57 0.625759 0.780016<36.0627 321.469 429.635 691.455> 520 588 407 598 0.577808 -0.816173<-14.2015 242.019 315.756 600.747>
LayerCount: 2
Fore
Refer: 54 88 N 1 0 0 1 305 0 2
Refer: 39 73 N 1 0 0 1 0 0 2
Validated: 1
EndChar
