StartChar: uni2169
Encoding: 8553 8553 232
Width: 658
VWidth: 0
HStem: -4 21G<5 18.5 209.5 220 446 459.5 634.5 653> 624 26<30.5174 78.3395>
DStem2: 88 57 148 57 0.625759 0.780016<36.0627 321.469 429.635 691.455> 215 588 102 598 0.577808 -0.816173<-14.2015 242.019 315.756 600.747>
LayerCount: 2
Fore
Refer: 54 88 N 1 0 0 1 0 0 3
Validated: 1
EndChar
