StartChar: uni2164
Encoding: 8548 8548 227
Width: 692
VWidth: 0
HStem: -10 21G<343.5 359.5> 630 20G<5 254 485 687>
DStem2: 183 593 76 593 0.361612 -0.932329<-14.3418 518.145> 368 109 386 0 0.361612 0.932329<0 527.707>
LayerCount: 2
Fore
Refer: 51 86 N 1 0 0 1 0 0 3
Validated: 1
EndChar
