StartChar: ydieresis
Encoding: 255 255 143
Width: 473
VWidth: 0
Flags: W
HStem: -270 21G<179 187> 394 26<299.517 340.874> 490 92<117.516 200.048 267.516 350.048>
VStem: 96 91<-261.862 -203.74> 114 90<493.217 578.503> 264 90<493.217 578.503>
DStem2: 150 368 57 368 0.353834 -0.935308<-11.6586 294.11> 200 -10 273 0 0.362202 0.9321<-194.716 0 111.89 416.161>
LayerCount: 2
Fore
Refer: 132 168 S 1 0 0 1 -16 13 2
Refer: 28 121 S 1 0 0 1 0 0 2
Validated: 1
EndChar
