StartChar: Aacute
Encoding: 193 193 117
Width: 653
VWidth: 0
Flags: W
HStem: -4 19<10.0991 25.085 185.668 197.542> 239 45<199 396> 640 20G<317 334> 712 153
VStem: 220 220
DStem2: 64 54 184 239 0.358122 0.933675<10.6587 17.9061 17.9712 215.704 263.092 539.076> 348 650 297 542 0.361389 -0.932415<82.27 358.611 407.074 605.525 605.591 620.056>
LayerCount: 2
Fore
Refer: 101 180 S 1 0 0 1 90 279 2
Refer: 42 65 S 1 0 0 1 0 0 2
EndChar
