StartChar: Aring
Encoding: 197 197 160
Width: 668
VWidth: 0
Flags: W
HStem: -4 22<10.0991 27.9704 188.234 205.384> 236 48<204 401> 640 20G<332 349> 690.5 39<283.09 368.046> 876.5 39<278.453 373.682>
VStem: 212.5 47<750.505 859.212> 390.5 47<748.668 862.564>
DStem2: 64 57 187 236 0.359732 0.933056<13.8044 20.8645 20.9243 211.264 262.166 538.148> 363 650 302 542 0.362977 -0.931798<78.4926 354.831 406.091 598.592 598.654 612.912>
LayerCount: 2
Fore
Refer: 94 176 S 1 0 0 1 157.5 240.5 2
Refer: 42 65 N 1 0 0 1 0 0 2
Validated: 1
EndChar
