StartChar: Ydieresis
Encoding: 376 376 296
Width: 601
VWidth: 0
Flags: MW
HStem: -4 21G<192 205.5 401.5 412> 630 20G<5 245 404 596> 723 86<193.346 272.314 343.346 422.314>
VStem: 263 77<36.8081 297>
DStem2: 175 596 76 596 0.530254 -0.847839<-10.1782 276.129> 320 361 340 316 0.551257 0.834335<0 285.575>
LayerCount: 2
Fore
Refer: 132 168 N 1 0 0 1 61 243 2
Refer: 55 89 N 1 0 0 1 0 0 3
EndChar
