StartChar: ellipsis
Encoding: 8230 8230 69
Width: 500
VWidth: 0
Flags: W
HStem: -9 104<77.6465 162.354 227.646 312.354 377.646 462.354>
VStem: 70 100<-1.37407 87.3741> 220 100<-1.37407 87.3741> 370 100<-1.37407 87.3741>
CounterMasks: 1 70
LayerCount: 2
Fore
Refer: 4 46 N 1 0 0 1 300 0 2
Refer: 4 46 N 1 0 0 1 150 0 2
Refer: 4 46 N 1 0 0 1 0 0 2
EndChar
