StartChar: onehalf
Encoding: 189 189 189
Width: 580
VWidth: 0
Flags: W
HStem: 0 45<428 538.802> 220 30<409.297 464.427> 428 29<46.3905 98.5588 143.686 188.342> 619 25<55 79>
VStem: 100 42<462.219 616.999> 474 55<130.496 216.269> 539 11<55.1391 62.897>
DStem2: 80 60 117 33 0.564056 0.825737<0 633.635>
LayerCount: 2
Fore
Refer: 193 8322 S 1 0 0 1 340 0 2
Refer: 192 8321 S 1 0 0 1 30 430 2
Refer: 191 8260 S 1 0 0 1 240 0 2
Validated: 1
EndChar
