StartChar: onehalf
Encoding: 189 189 189
Width: 583
VWidth: 0
Flags: HW
HStem: 0 40<428 537.497> 223 27<411.295 466.287> 428 26<46.2132 97.6659 141.578 185.506> 624 20<55 79>
VStem: 100 39<459.592 621.757> 363 22<165.607 189.513> 479 50<128.315 217.685> 539 9<51.0432 57.9738>
DStem2: 80 60 114 36 0.564056 0.825737<0 634.42>
LayerCount: 2
Fore
Refer: 193 8322 N 1 0 0 1 340 0 2
Refer: 192 8321 N 1 0 0 1 30 430 2
Refer: 191 8260 N 1 0 0 1 240 0 2
EndChar
