StartChar: onequarter
Encoding: 188 188 188
Width: 544
VWidth: 0
Flags: HW
HStem: -5 21G<399 448> 60 35<338 401 446 476.668> 428 26<46.2132 97.6659 141.578 185.506> 624 20<55 79>
VStem: 100 39<459.592 621.757> 401 45<-4.652 60 95 178>
DStem2: 70 60 104 36 0.564056 0.825737<0 634.42>
LayerCount: 2
Fore
Refer: 191 8260 N 1 0 0 1 230 0 2
Refer: 181 185 N 1 0 0 1 30 0 2
Refer: 195 8308 N 1 0 0 1 280 -430 2
EndChar
