StartChar: questiondown
Encoding: 191 191 90
Width: 439
VWidth: 0
Flags: W
LayerCount: 2
Fore
Refer: 67 63 S -1 1.22465e-16 -1.22465e-16 -1 444 417.801 2
Validated: 1
EndChar
