StartChar: threequarters
Encoding: 190 190 190
Width: 534
VWidth: 0
Flags: HW
HStem: -5 21G<409 458> 60 35<348 411 456 486.668> 425 20<81.1259 128.814> 655 25<79.5268 131.158>
VStem: 46 19<460.269 480.737 616.744 626> 154 50<459.145 542.316> 411 45<-4.652 60 95 178>
DStem2: 70 60 104 36 0.564056 0.825737<0 634.42>
LayerCount: 2
Fore
Refer: 194 8323 N 1 0 0 1 30 430 2
Refer: 195 8308 N 1 0 0 1 290 -430 2
Refer: 191 8260 N 1 0 0 1 230 0 2
EndChar
