StartChar: uni2164
Encoding: 8548 8548 227
Width: 687
VWidth: 0
Flags: W
HStem: -10 21G<338.5 354.5> 630 20G<5 246 488 682>
DStem2: 175 596 76 596 0.360028 -0.932942<-14.3785 533.157> 368 99 381 0 0.360028 0.932942<0 540.869>
LayerCount: 2
Fore
Refer: 51 86 N 1 0 0 1 0 0 3
EndChar
