StartChar: uni2174
Encoding: 8564 8564 243
Width: 442
VWidth: 0
Flags: W
HStem: -10 21G<214.5 228.5> 397 23<289.323 328.099>
DStem2: 140 371 57 371 0.346408 -0.938084<-11.8289 296.958> 239 91 249 0 0.34418 0.938904<0 307.604>
LayerCount: 2
Fore
Refer: 25 118 N 1 0 0 1 0 0 3
EndChar
