StartChar: uni2047
Encoding: 8263 8263 201
Width: 865
VWidth: 0
Flags: W
HStem: -9 104<149.646 234.354 588.646 673.354> 618 42<133.297 268.032 572.297 707.032>
VStem: 55 24<513.688 542.948> 142 100<-1.37407 87.3741> 293 93<484.231 595.129> 494 24<513.688 542.948> 581 100<-1.37407 87.3741> 732 93<484.231 595.129>
LayerCount: 2
Fore
Refer: 67 63 N 1 0 0 1 439 0 2
Refer: 67 63 N 1 0 0 1 0 0 2
EndChar
