StartChar: uni216B
Encoding: 8555 8555 234
Width: 1268
VWidth: 0
HStem: -4 21G<11 24.5 209.5 220 446 459.5 619.5 638 698 711.5 912.5 923 1003 1016.5 1217.5 1228> 627 23<30.3235 72.7942> 630 20G<698 923 1003 1228>
VStem: 769 82<36.8081 613.192> 1074 82<36.8081 613.192>
DStem2: 94 54 148 54 0.607015 0.794691<30.7775 320.383 418.814 686.818> 205 591 102 601 0.573563 -0.819162<-14.3147 249.128 319.409 611.952>
LayerCount: 2
Fore
Refer: 39 73 N 1 0 0 1 963 0 2
Refer: 39 73 N 1 0 0 1 658 0 2
Refer: 54 88 N 1 0 0 1 0 0 2
EndChar
