StartChar: uni2175
Encoding: 8565 8565 244
Width: 723
VWidth: 0
HStem: -10 21G<214.5 228.5> -4 27<639.232 682.438> 364 23<497 540.881> 397 23<289.323 328.099> 519 104<541.646 626.354>
VStem: 555 76<30.9572 357.776>
DStem2: 140 371 57 371 0.346408 -0.938084<-11.8289 296.958> 239 91 249 0 0.34418 0.938904<0 307.604>
LayerCount: 2
Fore
Refer: 2 105 N 1 0 0 1 455 0 2
Refer: 25 118 N 1 0 0 1 0 0 2
EndChar
