StartChar: uni2165
Encoding: 8549 8549 228
Width: 997
VWidth: 0
HStem: -10 21G<338.5 354.5> -4 21G<732 745.5 946.5 957> 630 20G<5 246 488 682 732 957>
VStem: 803 82<36.8081 613.192>
DStem2: 175 596 76 596 0.360028 -0.932942<-14.3785 533.157> 368 99 381 0 0.360028 0.932942<0 540.869>
LayerCount: 2
Fore
Refer: 39 73 N 1 0 0 1 692 0 2
Refer: 51 86 N 1 0 0 1 0 0 2
EndChar
