StartChar: uni2163
Encoding: 8547 8547 226
Width: 997
VWidth: 0
HStem: -10 21G<643.5 659.5> -4 21G<40 53.5 254.5 265> 630 20G<40 265 310 551 793 987>
VStem: 111 82<36.8081 613.192>
DStem2: 480 596 381 596 0.360028 -0.932942<-14.3785 533.157> 673 99 686 0 0.360028 0.932942<0 540.869>
LayerCount: 2
Fore
Refer: 51 86 N 1 0 0 1 305 0 2
Refer: 39 73 N 1 0 0 1 0 0 2
EndChar
