StartChar: uni2168
Encoding: 8552 8552 231
Width: 963
VWidth: 0
HStem: -4 21G<40 53.5 254.5 265 316 329.5 514.5 525 751 764.5 924.5 943> 627 23<335.323 377.794> 630 20G<40 265>
VStem: 111 82<36.8081 613.192>
DStem2: 399 54 453 54 0.607015 0.794691<30.7775 320.383 418.814 686.818> 510 591 407 601 0.573563 -0.819162<-14.3147 249.128 319.409 611.952>
LayerCount: 2
Fore
Refer: 54 88 N 1 0 0 1 305 0 2
Refer: 39 73 N 1 0 0 1 0 0 2
EndChar
