StartChar: uni2178
Encoding: 8568 8568 247
Width: 736
VWidth: 0
HStem: -4 30<191.917 237.182 404.337 451.182> 359 28<42 88.6137> 394 26<284.34 332.06 541.818 575.764> 515 112<90.538 177.462>
VStem: 100 86<33.9572 352.776>
DStem2: 443 368 335 378 0.583788 -0.811906<-8.93992 117.641 189.236 342.491> 338 52 403 48 0.608009 0.79393<30.6257 183.905 279.85 404.459>
LayerCount: 2
Fore
Refer: 30 120 N 1 0 0 1 268 0 2
Refer: 2 105 N 1 0 0 1 0 0 2
Validated: 1
EndChar
