StartChar: uni2173
Encoding: 8563 8563 242
Width: 723
VWidth: 0
HStem: -10 21G<487.5 501.5> -4 30<191.917 237.182> 359 28<42 88.6137> 394 26<567.517 608.874> 515 112<90.538 177.462>
VStem: 100 86<33.9572 352.776>
DStem2: 418 368 325 368 0.34889 -0.937164<-11.7721 294.134> 517 91 530 0 0.34665 0.937994<0 304.768>
LayerCount: 2
Fore
Refer: 25 118 N 1 0 0 1 268 0 2
Refer: 2 105 N 1 0 0 1 0 0 2
Validated: 1
EndChar
