StartChar: uni2179
Encoding: 8569 8569 248
Width: 450
VWidth: 0
Flags: W
HStem: -4 27<129.164 175.438> 397 23<15.875 61.9844 263.562 296.104>
DStem2: 165 371 67 381 0.563717 -0.825968<-9.46616 120.104 194.73 351.003> 70 49 127 45 0.578156 0.815926<23.1672 179.772 276.191 402.568>
LayerCount: 2
Fore
Refer: 30 120 N 1 0 0 1 0 0 3
EndChar
