StartChar: uni2179
Encoding: 8569 8569 248
Width: 468
VWidth: 0
HStem: -4 30<136.337 183.182> 394 26<16.3403 64.0602 273.818 307.764>
DStem2: 175 368 67 378 0.583788 -0.811906<-8.93992 117.641 189.236 342.491> 70 52 135 48 0.608009 0.79393<30.6257 183.905 279.85 404.459>
LayerCount: 2
Fore
Refer: 30 120 N 1 0 0 1 0 0 3
Validated: 1
EndChar
