StartChar: uni217B
Encoding: 8571 8571 250
Width: 1004
VWidth: 0
HStem: -4 30<136.337 183.182 659.917 705.182 927.917 973.182> 359 28<510 556.614 778 824.614> 394 26<16.3403 64.0602 273.818 307.764> 515 112<558.538 645.462 826.538 913.462>
VStem: 568 86<33.9572 352.776> 836 86<33.9572 352.776>
DStem2: 175 368 67 378 0.583788 -0.811906<-8.93992 117.641 189.236 342.491> 70 52 135 48 0.608009 0.79393<30.6257 183.905 279.85 404.459>
LayerCount: 2
Fore
Refer: 2 105 N 1 0 0 1 736 0 2
Refer: 2 105 N 1 0 0 1 468 0 2
Refer: 30 120 N 1 0 0 1 0 0 2
Validated: 1
EndChar
