StartChar: uni216A
Encoding: 8554 8554 233
Width: 963
VWidth: 0
HStem: -4 21G<5 18.5 209.5 220 446 459.5 634.5 653 698 711.5 922.5 933> 624 26<30.5174 78.3395> 630 20G<698 933>
VStem: 769 92<39.8081 610.192>
DStem2: 88 57 148 57 0.625759 0.780016<36.0627 321.469 429.635 691.455> 215 588 102 598 0.577808 -0.816173<-14.2015 242.019 315.756 600.747>
LayerCount: 2
Fore
Refer: 39 73 N 1 0 0 1 658 0 2
Refer: 54 88 N 1 0 0 1 0 0 2
Validated: 1
EndChar
