StartChar: uni217B
Encoding: 8571 8571 250
Width: 1004
VWidth: 0
HStem: -4 27<129.164 175.438 652.232 695.438 920.232 963.438> 364 23<510 553.881 778 821.881> 397 23<15.875 61.9844 263.562 296.104> 519 104<554.646 639.354 822.646 907.354>
VStem: 568 76<30.9572 357.776> 836 76<30.9572 357.776>
DStem2: 165 371 67 381 0.563717 -0.825968<-9.46616 120.104 194.73 351.003> 70 49 127 45 0.578156 0.815926<23.1672 179.772 276.191 402.568>
LayerCount: 2
Fore
Refer: 2 105 N 1 0 0 1 736 0 2
Refer: 2 105 N 1 0 0 1 468 0 2
Refer: 30 120 N 1 0 0 1 0 0 2
EndChar
