StartChar: uni2175
Encoding: 8565 8565 244
Width: 723
VWidth: 0
HStem: -10 21G<219.5 233.5> -4 30<646.917 692.182> 359 28<497 543.614> 394 26<299.517 340.874> 515 112<545.538 632.462>
VStem: 555 86<33.9572 352.776>
DStem2: 150 368 57 368 0.34889 -0.937164<-11.7721 294.134> 249 91 262 0 0.34665 0.937994<0 304.768>
LayerCount: 2
Fore
Refer: 2 105 N 1 0 0 1 455 0 2
Refer: 25 118 N 1 0 0 1 0 0 2
Validated: 1
EndChar
