StartChar: uni2169
Encoding: 8553 8553 232
Width: 658
VWidth: 0
HStem: -4 21G<11 24.5 209.5 220 446 459.5 619.5 638> 627 23<30.3235 72.7942>
DStem2: 94 54 148 54 0.607015 0.794691<30.7775 320.383 418.814 686.818> 205 591 102 601 0.573563 -0.819162<-14.3147 249.128 319.409 611.952>
LayerCount: 2
Fore
Refer: 54 88 N 1 0 0 1 0 0 3
EndChar
