StartChar: uni2085
Encoding: 8325 8325 257
Width: 162
VWidth: 0
Flags: W
HStem: -10 21<15 68.1339> 200 40<51.8125 147>
VStem: 101 50<29.7256 112.51>
DStem2: 19 137 47 159 0.208881 0.977941<27.3634 71.7352>
LayerCount: 2
Fore
Refer: 262 8309 N 1 0 0 1 0 -430 2
EndChar
