StartChar: uni2177
Encoding: 8567 8567 246
Width: 1259
VWidth: 0
HStem: -10 21G<219.5 233.5> -4 30<646.917 692.182 914.917 960.182 1182.92 1228.18> 359 28<497 543.614 765 811.614 1033 1079.61> 394 26<299.517 340.874> 515 112<545.538 632.462 813.538 900.462 1081.54 1168.46>
VStem: 555 86<33.9572 352.776> 823 86<33.9572 352.776> 1091 86<33.9572 352.776>
DStem2: 150 368 57 368 0.34889 -0.937164<-11.7721 294.134> 249 91 262 0 0.34665 0.937994<0 304.768>
CounterMasks: 1 07
LayerCount: 2
Fore
Refer: 2 105 N 1 0 0 1 991 0 2
Refer: 2 105 N 1 0 0 1 723 0 2
Refer: 2 105 N 1 0 0 1 455 0 2
Refer: 25 118 N 1 0 0 1 0 0 2
Validated: 1
EndChar
