StartChar: uni2167
Encoding: 8551 8551 230
Width: 1607
VWidth: 0
HStem: -10 21G<338.5 354.5> -4 21G<732 745.5 946.5 957 1037 1050.5 1251.5 1262 1342 1355.5 1556.5 1567> 630 20G<5 246 488 682 732 957 1037 1262 1342 1567>
VStem: 803 82<36.8081 613.192> 1108 82<36.8081 613.192> 1413 82<36.8081 613.192>
DStem2: 175 596 76 596 0.360028 -0.932942<-14.3785 533.157> 368 99 381 0 0.360028 0.932942<0 540.869>
CounterMasks: 1 1c
LayerCount: 2
Fore
Refer: 39 73 N 1 0 0 1 1302 0 2
Refer: 39 73 N 1 0 0 1 997 0 2
Refer: 39 73 N 1 0 0 1 692 0 2
Refer: 51 86 N 1 0 0 1 0 0 2
EndChar
