StartChar: uni2174
Encoding: 8564 8564 243
Width: 455
VWidth: 0
HStem: -10 21G<219.5 233.5> 394 26<299.517 340.874>
DStem2: 150 368 57 368 0.34889 -0.937164<-11.7721 294.134> 249 91 262 0 0.34665 0.937994<0 304.768>
LayerCount: 2
Fore
Refer: 25 118 N 1 0 0 1 0 0 3
Validated: 1
EndChar
