StartChar: uni2178
Encoding: 8568 8568 247
Width: 736
VWidth: 0
HStem: -4 27<184.232 227.438 397.164 443.438> 364 23<42 85.8812> 397 23<283.875 329.984 531.562 564.104> 519 104<86.6465 171.354>
VStem: 100 76<30.9572 357.776>
DStem2: 433 371 335 381 0.563717 -0.825968<-9.46616 120.104 194.73 351.003> 338 49 395 45 0.578156 0.815926<23.1672 179.772 276.191 402.568>
LayerCount: 2
Fore
Refer: 30 120 N 1 0 0 1 268 0 2
Refer: 2 105 N 1 0 0 1 0 0 2
EndChar
