StartChar: uni2173
Encoding: 8563 8563 242
Width: 723
VWidth: 0
HStem: -10 21G<482.5 496.5> -4 27<184.232 227.438> 364 23<42 85.8812> 397 23<557.323 596.099> 519 104<86.6465 171.354>
VStem: 100 76<30.9572 357.776>
DStem2: 408 371 325 371 0.346408 -0.938084<-11.8289 296.958> 507 91 517 0 0.34418 0.938904<0 307.604>
LayerCount: 2
Fore
Refer: 25 118 N 1 0 0 1 268 0 2
Refer: 2 105 N 1 0 0 1 0 0 2
EndChar
