StartChar: uni2163
Encoding: 8547 8547 226
Width: 997
VWidth: 0
HStem: -10 21G<648.5 664.5> -4 21G<40 53.5 264.5 275> 630 20G<40 275 310 559 790 992>
VStem: 111 92<39.8081 610.192>
DStem2: 488 593 381 593 0.361612 -0.932329<-14.3418 518.145> 673 109 691 0 0.361612 0.932329<0 527.707>
LayerCount: 2
Fore
Refer: 51 86 N 1 0 0 1 305 0 2
Refer: 39 73 N 1 0 0 1 0 0 2
Validated: 1
EndChar
