StartChar: uni216F
Encoding: 8559 8559 238
Width: 827
VWidth: 0
Flags: W
HStem: -4 21G<25 38.5 205.5 216 567 580.5 791.5 802> 630 20G<25 195 636.5 801>
VStem: 95 49<36.8081 483> 638 91<36.9868 495>
DStem2: 150 650 144 483 0.523667 -0.851923<139.129 522.004>
LayerCount: 2
Fore
Refer: 56 77 N 1 0 0 1 0 0 3
EndChar
