StartChar: yacute
Encoding: 253 253 109
Width: 453
VWidth: 0
Flags: MW
HStem: -270 21G<161 169> 397 23<287.323 326.099> 482 153
VStem: 96 73<-261.862 -203.74>
DStem2: 140 371 57 371 0.351393 -0.936228<-11.7147 292.953> 200 -10 255 0 0.342733 0.939433<-184.568 0 113.632 415.253>
LayerCount: 2
Fore
Refer: 101 180 N 1 0 0 1 24 49 2
Refer: 28 121 N 1 0 0 1 0 0 2
EndChar
