StartChar: ydieresis
Encoding: 255 255 143
Width: 453
VWidth: 0
Flags: MW
HStem: -270 21G<161 169> 397 23<287.323 326.099> 493 86<121.346 200.314 271.346 350.314>
VStem: 119 84<494.715 576.882> 269 84<494.715 576.882>
DStem2: 140 371 57 371 0.351393 -0.936228<-11.7147 292.953> 200 -10 255 0 0.342733 0.939433<-184.568 0 113.632 415.253>
LayerCount: 2
Fore
Refer: 132 168 N 1 0 0 1 -11 13 2
Refer: 28 121 N 1 0 0 1 0 0 2
EndChar
